[
  [
    [121.0993230342865, 100.07373094558713],
    [1, 4]
  ],
  [
    [196.99065387248993, 107.781445980072],
    [0, 2, 3, 26]
  ],
  [
    [208.84868502616882, 203.83141040802],
    [1, 3, 20, 21]
  ],
  [
    [175.40904879570007, 158.29662084579465],
    [2, 4, 1, 5, 26]
  ],
  [
    [126.3168454170227, 134.1062545776367],
    [3, 0, 5, 8]
  ],
  [
    [97.16182947158813, 182.00377225875852],
    [4, 6, 7, 3]
  ],
  [
    [95.9644615650177, 231.62669539451596],
    [5, 7, 18]
  ],
  [
    [152.190163731575, 201.084291934967],
    [6, 5]
  ],
  [
    [126.50677561759949, 273.2753813266754],
    [4, 9, 17]
  ],
  [
    [68.89277696609497, 319.08897161483765],
    [8, 10, 11]
  ],
  [
    [117.48301982879639, 331.5836548805237],
    [9, 11, 15, 17]
  ],
  [
    [84.85814929008484, 362.82016932964325],
    [10, 12, 9, 13]
  ],
  [
    [30.71478009223938, 369.0674513578415],
    [11, 13, 16]
  ],
  [
    [40.43284058570862, 453.0593067407608],
    [12, 14, 11]
  ],
  [
    [84.85808968544006, 446.8117117881775],
    [13, 15]
  ],
  [
    [153.57860922813416, 463.4713292121887],
    [14, 16, 10, 17, 29]
  ],
  [
    [93.88202428817749, 400.99812150001526],
    [15, 17, 12, 30, 31]
  ],
  [
    [168.84978115558624, 330.8894693851471],
    [16, 18, 8, 28, 10, 15]
  ],
  [
    [220.21643817424774, 287.15834617614746],
    [17, 19, 6, 28, 36, 38]
  ],
  [
    [236.87590658664703, 243.42713356018064],
    [18, 20, 26, 21, 38, 36, 22]
  ],
  [
    [160.51991283893585, 233.70913267135617],
    [19, 2]
  ],
  [
    [249.35701489448547, 108.74584913253781],
    [2, 22, 19, 27, 26]
  ],
  [
    [288.9268398284912, 240.6452655792236],
    [21, 23, 41, 19]
  ],
  [
    [320.1661705970764, 210.79430580139157],
    [22, 24, 25, 41]
  ],
  [
    [365.98384380340576, 126.79520845413205],
    [23, 25, 40]
  ],
  [
    [368.7606751918793, 205.9348881244659],
    [24, 26, 23, 40, 65]
  ],
  [
    [308.3646297454834, 173.30715656280515],
    [19, 27, 21, 1, 3, 25]
  ],
  [
    [316.6951537132263, 122.62997627258298],
    [26, 21]
  ],
  [
    [243.10891330242157, 337.14005947113037],
    [18, 29, 17]
  ],
  [
    [194.51448321342468, 369.7675824165344],
    [28, 30, 15, 31]
  ],
  [
    [229.2248010635376, 417.66802072525024],
    [29, 31, 33, 16, 34]
  ],
  [
    [205.62195777893066, 466.956889629364],
    [30, 32, 16, 29]
  ],
  [
    [279.2079448699951, 473.20476770401],
    [31]
  ],
  [
    [280.5963456630707, 437.10595965385437],
    [30, 34]
  ],
  [
    [309.0588450431824, 390.59407114982605],
    [33, 35, 36, 37, 68, 30]
  ],
  [
    [253.52224707603455, 371.15628123283386],
    [34, 36, 69]
  ],
  [
    [306.97622895240784, 338.5284900665283],
    [35, 37, 38, 18, 19, 65, 34]
  ],
  [
    [363.9012277126312, 362.82575726509094],
    [36, 34]
  ],
  [
    [336.13312244415283, 293.4046745300293],
    [36, 39, 65, 19, 18]
  ],
  [
    [423.6030578613281, 202.46342420578],
    [38, 40, 49]
  ],
  [
    [409.0246856212616, 147.6214289665222],
    [39, 24, 25, 44]
  ],
  [
    [335.43843030929565, 259.38857197761536],
    [22, 42, 23]
  ],
  [
    [410.4130268096924, 266.3307547569275],
    [41, 43, 65, 66, 64]
  ],
  [
    [474.2802083492279, 230.23215532302854],
    [42, 44, 48, 47]
  ],
  [
    [455.5365741252899, 144.84462738037107],
    [43, 45, 40]
  ],
  [
    [540.2299165725708, 114.29948210716245],
    [44, 46, 47]
  ],
  [
    [584.6587419509888, 148.31546545028684],
    [45, 47, 50, 77]
  ],
  [
    [545.0893640518188, 165.6708478927612],
    [46, 48, 43, 45]
  ],
  [
    [495.10642886161804, 158.03453922271726],
    [47, 49, 43]
  ],
  [
    [543.0064797401428, 205.24046421051023],
    [48, 50, 39, 57, 77, 58]
  ],
  [
    [631.8652629852295, 160.81140041351316],
    [49, 51, 46, 77]
  ],
  [
    [695.7323551177979, 188.57968449592587],
    [50, 52, 56]
  ],
  [
    [735.302209854126, 172.61294126510617],
    [51, 53]
  ],
  [
    [749.1862773895264, 260.7772409915924],
    [52, 54, 55, 60, 57]
  ],
  [
    [760.9877586364746, 210.100120306015],
    [53, 55]
  ],
  [
    [701.2859582901001, 221.20744585990903],
    [54, 53]
  ],
  [
    [644.3609595298767, 206.6290736198425],
    [51, 57, 77, 58, 61]
  ],
  [
    [667.963981628418, 261.47148609161377],
    [56, 58, 60, 53, 49]
  ],
  [
    [627.6999711990356, 298.9586651325226],
    [57, 59, 81, 56, 49]
  ],
  [
    [696.4265704154968, 330.1980257034302],
    [58, 62, 85]
  ],
  [
    [708.2280516624451, 299.65291023254395],
    [57, 53]
  ],
  [
    [767.9299116134644, 310.7602059841156],
    [56, 85]
  ],
  [
    [647.8320360183716, 350.33003091812134],
    [59, 63, 82, 78, 86]
  ],
  [
    [584.6591591835022, 361.4373415708542],
    [62, 64, 79, 77]
  ],
  [
    [518.0156230926514, 333.6690127849579],
    [63, 65, 42, 73, 75]
  ],
  [
    [384.0332329273224, 312.84282207489014],
    [64, 66, 25, 38, 36, 42]
  ],
  [
    [420.82613706588745, 362.8255784511566],
    [65, 67, 42, 75]
  ],
  [
    [375.00834465026855, 391.2881672382355],
    [66, 68, 73, 71]
  ],
  [
    [391.66951179504395, 457.9321950674057],
    [67, 69, 34]
  ],
  [
    [343.7691628932953, 468.34514141082764],
    [68, 70, 35]
  ],
  [
    [397.9169726371765, 497.5018411874771],
    [69, 71]
  ],
  [
    [429.1567802429199, 449.6013581752777],
    [70, 72, 67]
  ],
  [
    [480.5280566215515, 433.6349278688431],
    [71, 73, 84, 83]
  ],
  [
    [443.73491406440735, 403.7840723991394],
    [72, 74, 67, 75, 64]
  ],
  [
    [497.1890449523926, 400.31296610832214],
    [73, 75, 79, 80]
  ],
  [
    [463.17288279533386, 269.1077649593353],
    [74, 76, 78, 66, 73, 64]
  ],
  [
    [523.5689282417297, 251.75259113311765],
    [75, 77]
  ],
  [
    [579.1054964065552, 284.38032269477844],
    [76, 46, 79, 63, 49, 50, 56]
  ],
  [
    [523.5690474510193, 284.3799948692322],
    [75, 62]
  ],
  [
    [531.2051773071289, 367.6852345466614],
    [74, 80, 77, 63]
  ],
  [
    [543.7009334564209, 412.80867755413055],
    [79, 81, 83, 84, 74]
  ],
  [
    [593.9648747444153, 428.49445939064026],
    [80, 82, 83, 58]
  ],
  [
    [645.0551748275757, 418.36235523223877],
    [81, 62]
  ],
  [
    [561.7501735687256, 463.4853810071945],
    [80, 72, 81, 85]
  ],
  [
    [445.52329182624817, 501.5830159187317],
    [80, 72, 85]
  ],
  [
    [734.6076965332031, 451.6843914985657],
    [84, 59, 61, 83]
  ],
  [
    [697.120726108551, 412.80870735645294],
    [62]
  ]
];
